{
    "distance" : [
        [0, 303, 571, 359, 295, 444],
        [303, 0, 291, 328, 411, 491],
        [571, 291, 0, 271, 682, 536],
        [359, 328, 271, 0, 317, 288],
        [295, 411, 682, 317, 0, 416],
        [444, 491, 536, 288, 416, 0]
    ],
    "time_obs" :[
        [0, 305, 610, 377, 250, 488],
        [305, 0, 322, 304, 447, 481],
        [610, 322, 0, 305, 674, 567],
        [377, 304, 305, 0, 325, 313],
        [250, 447, 660, 325, 0, 449],
        [488, 481, 567, 313, 449, 0]
    ],
    "time_opt" :[
        [0, 227, 429, 269, 221, 333], 
        [227, 0, 218, 246, 309, 369], 
        [429, 218, 0, 203, 512, 403], 
        [269, 246, 203, 0, 238, 216], 
        [221, 309, 512, 238, 0, 312], 
        [333, 369, 403, 216, 312, 0]
    ],
    "delta_time": [
        [0, 78, 181, 108, 29, 155], 
        [78, 0, 104, 58, 138, 112], 
        [181, 104, 0, 102, 162, 164], 
        [108, 58, 102, 0, 87, 97], 
        [29, 138, 148, 87, 0, 137], 
        [155, 112, 164, 97, 137, 0]
    ],
    "product": [
        [0, 381, 752, 467, 324, 599], 
        [381, 0, 395, 386, 549, 603], 
        [752, 395, 0, 373, 844, 700], 
        [467, 386, 373, 0, 404, 385], 
        [324, 549, 830, 404, 0, 553], 
        [599, 603, 700, 385, 553, 0]
    ]
}